%YAML:1.0
---
calibration_time: "Fri 14 May 2021 10:49:27 PM CST"
camera_matrix: !!opencv-matrix
   rows: 3
   cols: 3
   dt: d
   data: [ 6.3229518435229886e+02, 0., 3.2215923582186736e+02, 0.,
       6.5035456024332348e+02, 3.4155291638077273e+02, 0., 0., 1. ]
dist_coeffs: !!opencv-matrix
   rows: 1
   cols: 5
   dt: d
   data: [ 4.8021561695802872e-01, -5.6633582883110947e+00,
       5.5984883089708802e-02, 7.1568391364813634e-03,
       1.9048767183913597e+01 ]
r_mse: 1.1092052027352188e+00
