<?xml version="1.0"?>
<opencv_storage>
<image_size>
  640 480</image_size>
<calibration_time>"Sat Jul 10 10:22:25 2021"</calibration_time>
<camera_in_matrix type_id="opencv-matrix">
  <rows>3</rows>
  <cols>3</cols>
  <dt>d</dt>
  <data>
    6.2562405674440481e+02 0. 3.3229462350713010e+02 0.
    6.2391510475752750e+02 2.3244021126928894e+02 0. 0. 1.</data></camera_in_matrix>
<dist_coeffs type_id="opencv-matrix">
  <rows>1</rows>
  <cols>5</cols>
  <dt>d</dt>
  <data>
    -3.5395287097389788e-01 1.0205339061890284e+00
    6.2297795882579497e-03 -1.2807140887311868e-02
    -2.5666145265063922e+00</data></dist_coeffs>
<r_mse>4.5461377404980036e-01</r_mse>
</opencv_storage>
