%YAML:1.0
---
image_size: [ 640, 480 ]
calibration_time: "Sat Jul 10 10:22:25 2021"
camera_in_matrix: !!opencv-matrix
   rows: 3
   cols: 3
   dt: d
   data: [ 6.2562405674440481e+02, 0., 3.3229462350713010e+02, 0.,
       6.2391510475752750e+02, 2.3244021126928894e+02, 0., 0., 1. ]
dist_coeffs: !!opencv-matrix
   rows: 1
   cols: 5
   dt: d
   data: [ -3.5395287097389788e-01, 1.0205339061890284e+00,
       6.2297795882579497e-03, -1.2807140887311868e-02,
       -2.5666145265063922e+00 ]
r_mse: 4.5461377404980036e-01
