<?xml version="1.0"?>
<opencv_storage>
<pic0 type_id="opencv-matrix">
  <rows>4</rows>
  <cols>4</cols>
  <dt>f</dt>
  <data>
    -1.37235224e-03 -9.99998748e-01 8.16060114e-04 8.51932243e-02
    9.99998987e-01 -1.37267401e-03 -3.93886090e-04 1.94367111e-01
    3.95005773e-04 8.15518724e-04 9.99999583e-01 6.08774662e-01 0. 0. 0.
    1.</data></pic0>
 <!-- resumed -->

<pic1 type_id="opencv-matrix">
  <rows>4</rows>
  <cols>4</cols>
  <dt>f</dt>
  <data>
    1.21613697e-03 -7.87675560e-01 6.16089046e-01 8.56717154e-02
    9.99999285e-01 9.33144183e-04 -7.80927949e-04 1.94108665e-01
    4.02180085e-05 6.16089523e-01 7.87676156e-01 6.08802915e-01 0. 0. 0.
    1.</data></pic1>
 <!-- resumed -->

<pic2 type_id="opencv-matrix">
  <rows>4</rows>
  <cols>4</cols>
  <dt>f</dt>
  <data>
    2.74761042e-05 -9.98197854e-01 6.00084215e-02 3.12423669e-02 1.
    1.73099470e-05 -1.69931998e-04 4.29082602e-01 1.68587023e-04
    6.00084290e-02 9.98197854e-01 5.38574040e-01 0. 0. 0. 1.</data></pic2>
 <!-- resumed -->

<pic3 type_id="opencv-matrix">
  <rows>4</rows>
  <cols>4</cols>
  <dt>f</dt>
  <data>
    2.52913105e-06 -9.98203337e-01 5.99174015e-02 1.62704512e-02 1.
    -1.11245545e-05 -2.27541546e-04 3.67610067e-01 2.27799275e-04
    5.99174015e-02 9.98203337e-01 5.60114086e-01 0. 0. 0. 1.</data></pic3>
 <!-- resumed -->

<pic4 type_id="opencv-matrix">
  <rows>4</rows>
  <cols>4</cols>
  <dt>f</dt>
  <data>
    6.21253057e-05 -9.98195887e-01 6.00413904e-02 -1.25892023e-02 1.
    5.69249132e-05 -8.83239045e-05 3.93866390e-01 8.47467090e-05
    6.00413941e-02 9.98195887e-01 5.14750183e-01 0. 0. 0. 1.</data></pic4>
 <!-- resumed -->

<pic5 type_id="opencv-matrix">
  <rows>4</rows>
  <cols>4</cols>
  <dt>f</dt>
  <data>
    -1.25735187e-05 -9.98201787e-01 5.99429607e-02 -5.53570017e-02 1.
    -1.26440327e-05 -7.97052735e-07 2.59468824e-01 1.55354019e-06
    5.99429607e-02 9.98201787e-01 5.51611900e-01 0. 0. 0. 1.</data></pic5>
 <!-- resumed -->

<pic6 type_id="opencv-matrix">
  <rows>4</rows>
  <cols>4</cols>
  <dt>f</dt>
  <data>
    -7.04245540e-05 -9.42122102e-01 3.35269988e-01 9.63342551e-04 1.
    -1.08583692e-04 -9.50712638e-05 3.05589110e-01 1.25973587e-04
    3.35269988e-01 9.42122102e-01 5.81607997e-01 0. 0. 0. 1.</data></pic6>
 <!-- resumed -->

<pic7 type_id="opencv-matrix">
  <rows>4</rows>
  <cols>4</cols>
  <dt>f</dt>
  <data>
    -5.22651681e-05 -9.73753691e-01 -2.27604404e-01 2.92329933e-03 1.
    -6.38219863e-05 4.34162175e-05 3.10306251e-01 -5.68028663e-05
    -2.27604404e-01 9.73753691e-01 5.80815971e-01 0. 0. 0. 1.</data></pic7>
 <!-- resumed -->

<pic8 type_id="opencv-matrix">
  <rows>4</rows>
  <cols>4</cols>
  <dt>f</dt>
  <data>
    1.63352961e-04 -9.86768305e-01 1.62136719e-01 1.13873510e-03 1.
    1.63713819e-04 -1.11347472e-05 3.80507439e-01 -1.55566049e-05
    1.62136719e-01 9.86768305e-01 5.36854923e-01 0. 0. 0. 1.</data></pic8>
 <!-- resumed -->

<pic9 type_id="opencv-matrix">
  <rows>4</rows>
  <cols>4</cols>
  <dt>f</dt>
  <data>
    3.11704731e-04 -9.19926107e-01 -3.92091602e-01 1.19693333e-03
    9.99999940e-01 2.98131112e-04 9.55035066e-05 3.80508274e-01
    2.90385324e-05 -3.92091602e-01 9.19926167e-01 5.36853433e-01 0. 0.
    0. 1.</data></pic9>
 <!-- resumed -->

<pic10 type_id="opencv-matrix">
  <rows>4</rows>
  <cols>4</cols>
  <dt>f</dt>
  <data>
    3.61684943e-04 -9.98108268e-01 6.14801459e-02 -2.80980989e-02
    9.99999940e-01 3.58055346e-04 -7.00542732e-05 3.52252185e-01
    4.79084520e-05 6.14801645e-02 9.98108327e-01 5.23785591e-01 0. 0. 0.
    1.</data></pic10>
 <!-- resumed -->

<pic11 type_id="opencv-matrix">
  <rows>4</rows>
  <cols>4</cols>
  <dt>f</dt>
  <data>
    2.94141384e-04 -9.98114586e-01 6.13776334e-02 -7.77390152e-02
    9.99999940e-01 3.07387352e-04 2.06368612e-04 1.74944520e-01
    -2.24846226e-04 6.13775700e-02 9.98114586e-01 5.79385281e-01 0. 0.
    0. 1.</data></pic11>
 <!-- resumed -->

<pic12 type_id="opencv-matrix">
  <rows>4</rows>
  <cols>4</cols>
  <dt>f</dt>
  <data>
    4.12302499e-04 -9.00376379e-01 -4.35111701e-01 -7.42674395e-02
    9.99999881e-01 2.72529578e-04 3.83633131e-04 1.84478998e-01
    -2.26833406e-04 -4.35111791e-01 9.00376379e-01 5.77205539e-01 0. 0.
    0. 1.</data></pic12>
 <!-- resumed -->

<pic13 type_id="opencv-matrix">
  <rows>4</rows>
  <cols>4</cols>
  <dt>f</dt>
  <data>
    -2.26463399e-05 -9.40854549e-01 -3.38810802e-01 -6.70046210e-02 1.
    -3.91591529e-05 4.19016287e-05 2.09607914e-01 -5.26908807e-05
    -3.38810802e-01 9.40854549e-01 5.69598675e-01 0. 0. 0. 1.</data></pic13>
 <!-- resumed -->

<pic14 type_id="opencv-matrix">
  <rows>4</rows>
  <cols>4</cols>
  <dt>f</dt>
  <data>
    -5.08665368e-02 -9.98158336e-01 3.30525972e-02 -3.05263996e-02
    9.98541176e-01 -5.02300635e-02 1.98099837e-02 2.97271192e-01
    -1.81132685e-02 3.40120457e-02 9.99257267e-01 5.54320514e-01 0. 0.
    0. 1.</data></pic14>
 <!-- resumed -->

<pic15 type_id="opencv-matrix">
  <rows>4</rows>
  <cols>4</cols>
  <dt>f</dt>
  <data>
    -5.09812869e-02 -9.98152435e-01 3.30548212e-02 -6.77377060e-02
    9.98535395e-01 -5.03448099e-02 1.98103637e-02 2.22796753e-01
    -1.81096252e-02 3.40163670e-02 9.99257207e-01 5.60877681e-01 0. 0.
    0. 1.</data></pic15>
 <!-- resumed -->

<pic16 type_id="opencv-matrix">
  <rows>4</rows>
  <cols>4</cols>
  <dt>f</dt>
  <data>
    -1.63521215e-01 -9.85594988e-01 -4.31658030e-02 -2.12946981e-02
    9.86284852e-01 -1.64317131e-01 1.55597180e-02 2.74846733e-01
    -2.24284623e-02 -4.00294326e-02 9.98946726e-01 5.77242434e-01 0. 0.
    0. 1.</data></pic16>
 <!-- resumed -->

<pic17 type_id="opencv-matrix">
  <rows>4</rows>
  <cols>4</cols>
  <dt>f</dt>
  <data>
    -1.63660675e-01 -9.85572636e-01 -4.31484990e-02 1.34942643e-02
    9.86264646e-01 -1.64450869e-01 1.54240988e-02 3.59894454e-01
    -2.22973786e-02 -4.00315188e-02 9.98949587e-01 5.67661345e-01 0. 0.
    0. 1.</data></pic17>

</opencv_storage>
